-94.12442396	601.45985401
-91.35944700	659.85401460
-86.75115207	700.72992701
-82.60368664	665.69343066
-81.22119816	618.97810219
-79.83870968	548.90510949
-77.07373272	420.43795620
-76.15207373	356.20437956
-74.76958525	268.61313869
-72.46543779	175.18248175
-71.54377880	116.78832117
-68.77880184	58.39416058
-65.09216590	93.43065693
-63.24884793	157.66423358
-61.40552995	239.41605839
-59.56221198	297.81021898
-59.56221198	362.04379562
-55.87557604	397.08029197
-52.64976959	449.63503650
-47.11981567	455.47445255
-44.81566820	414.59854015
-41.58986175	344.52554745
-39.74654378	233.57664234
-36.98156682	145.98540146
-31.91244240	17.51824818
-29.60829493	-64.23357664
-25.92165899	-145.98540146
-22.23502304	-233.57664234
-17.62672811	-321.16788321
-13.94009217	-391.24087591
-5.64516129	-402.91970803
1.72811060	-327.00729927
6.33640553	-245.25547445
11.40552995	-122.62773723
16.93548387	-23.35766423
20.62211982	-29.19708029
22.00460829	-93.43065693
22.92626728	-198.54014599
24.76958525	-303.64963504
25.69124424	-449.63503650
27.07373272	-531.38686131
28.45622120	-642.33576642
30.29953917	-724.08759124
33.06451613	-835.03649635
34.44700461	-875.91240876
39.51612903	-817.51824818
40.89861751	-671.53284672
44.58525346	-502.18978102
45.96774194	-356.20437956
47.81105991	-145.98540146
50.57603687	140.14598540
53.80184332	432.11678832
58.41013825	654.01459854
64.86175115	835.03649635
72.23502304	823.35766423
74.53917051	718.24817518
76.38248848	642.33576642
77.76497696	543.06569343
79.14746544	455.47445255
80.06912442	344.52554745
82.37327189	216.05839416
83.29493088	134.30656934
85.59907834	-11.67883212
88.36405530	-145.98540146
91.12903226	-245.25547445
93.89400922	-332.84671533
95.73732719	-379.56204380
-95.04608295	642.33576642
-90.89861751	712.40875912
-82.14285714	706.56934307
-80.29953917	607.29927007
-81.22119816	496.35036496
-80.29953917	397.08029197
-76.15207373	280.29197080
-73.84792627	204.37956204
-72.46543779	151.82481752
-68.77880184	93.43065693
-64.63133641	64.23357664
-62.32718894	99.27007299
-60.02304147	157.66423358
98.50230415	-455.47445255
90.66820276	-385.40145985
93.89400922	-280.29197080
90.66820276	-332.84671533
90.66820276	-251.09489051
88.82488479	-157.66423358
86.98156682	-192.70072993
86.98156682	-134.30656934
86.98156682	-64.23357664
82.37327189	-46.71532847
84.21658986	11.67883212
82.37327189	116.78832117
84.21658986	227.73722628
86.05990783	437.95620438
80.06912442	297.81021898
85.13824885	291.97080292
80.06912442	356.20437956
80.06912442	461.31386861
76.84331797	537.22627737
76.84331797	630.65693431
72.69585253	724.08759124
68.54838710	770.80291971
66.24423963	735.76642336
62.09677419	642.33576642
60.71428571	694.89051095
62.55760369	747.44525547
66.24423963	858.39416058
69.47004608	852.55474453
73.61751152	741.60583942
63.47926267	776.64233577
56.56682028	578.10218978
56.56682028	443.79562044
53.80184332	332.84671533
54.26267281	181.02189781
51.03686636	58.39416058
50.11520737	-99.27007299
48.27188940	-175.18248175
48.27188940	-303.64963504
42.28110599	-461.31386861
44.12442396	-513.86861314
46.88940092	-402.91970803
45.96774194	-262.77372263
47.35023041	-87.59124088
50.57603687	99.27007299
52.41935484	216.05839416
55.64516129	256.93430657
62.09677419	338.68613139
58.87096774	-70.07299270
50.11520737	-332.84671533
45.96774194	-508.02919708
44.12442396	-636.49635036
40.89861751	-759.12408759
37.21198157	-905.10948905
30.76036866	-805.83941606
30.76036866	-665.69343066
30.76036866	-694.89051095
34.44700461	-794.16058394
37.67281106	-835.03649635
42.74193548	-782.48175182
44.58525346	-712.40875912
25.69124424	-607.29927007
25.69124424	-461.31386861
25.69124424	-508.02919708
26.61290323	-566.42335766
24.30875576	-385.40145985
23.38709677	-216.05839416
23.38709677	-636.49635036
23.84792627	-484.67153285
25.23041475	-373.72262774
22.92626728	-216.05839416
20.16129032	-58.39416058
13.70967742	-105.10948905
18.31797235	-145.98540146
13.24884793	-105.10948905
19.70046083	-52.55474453
13.24884793	-157.66423358
10.02304147	-239.41605839
4.95391705	-338.68613139
-2.41935484	-432.11678832
-9.79262673	-449.63503650
-14.86175115	-414.59854015
-17.62672811	-379.56204380
-22.69585253	-332.84671533
-25.00000000	-233.57664234
-26.38248848	-145.98540146
-30.06912442	-134.30656934
-30.99078341	-58.39416058
-31.91244240	58.39416058
-35.59907834	75.91240876
-37.44239631	186.86131387
-40.20737327	256.93430657
-40.20737327	268.61313869
-42.97235023	309.48905109
-45.73732719	391.24087591
-51.26728111	402.91970803
-53.57142857	385.40145985
-31.91244240	157.66423358
-36.98156682	99.27007299
-32.37327189	58.39416058
-36.52073733	181.02189781
-40.66820276	245.25547445
-41.58986175	315.32846715
-47.58064516	414.59854015
-57.25806452	350.36496350
-57.71889401	227.73722628
-60.48387097	151.82481752
-66.01382488	29.19708029
-71.08294931	110.94890511
-75.23041475	163.50364964
-73.84792627	245.25547445
-77.53456221	256.93430657
-75.69124424	321.16788321
-78.45622120	373.72262774
-79.83870968	478.83211679
-82.60368664	531.38686131
-82.60368664	618.97810219
-85.82949309	665.69343066
-90.89861751	624.81751825
-91.35944700	583.94160584
-93.66359447	508.02919708
-95.50691244	472.99270073
-94.12442396	537.22627737
-96.88940092	525.54744526
-95.04608295	578.10218978
-92.74193548	618.97810219
-84.90783410	677.37226277
-80.29953917	572.26277372
-81.22119816	443.79562044
-78.45622120	379.56204380
-75.69124424	245.25547445
-73.84792627	175.18248175
-70.62211982	52.55474453
-65.09216590	52.55474453
-63.70967742	99.27007299
-62.78801843	245.25547445
-59.56221198	315.32846715
-59.10138249	256.93430657
-55.87557604	379.56204380
-53.11059908	426.27737226
-46.19815668	379.56204380
-39.74654378	262.77372263
-33.29493088	11.67883212
-30.52995392	-134.30656934
-25.92165899	-268.61313869
-19.00921659	-379.56204380
-20.85253456	-297.81021898
-25.00000000	-186.86131387
-25.92165899	-116.78832117
-30.06912442	-58.39416058